================================================================================
SUMMARY
================================================================================
Total Tests Run: 10000
Successful Tests: 560 (5.6%)
Failed Tests: 9440 (94.4%)

Quickest Generation Found: 18
Best Parameters:
  - Population Size: 100
  - Chromosome Size: 32
  - Mutation Rate: 0.02
  - Crossover Rate: 0.81
  - Max Generations: 50

================================================================================

10 QUICKEST GENERATIONS OVERALL:
--------------------------------------------------------------------------------
Mutation Rate: 0.02, Crossover Rate: 0.81, Generation Found: 18
Mutation Rate: 0.02, Crossover Rate: 0.94, Generation Found: 21
Mutation Rate: 0.03, Crossover Rate: 0.68, Generation Found: 22
Mutation Rate: 0.04, Crossover Rate: 0.78, Generation Found: 23
Mutation Rate: 0.03, Crossover Rate: 0.10, Generation Found: 24
Mutation Rate: 0.03, Crossover Rate: 0.45, Generation Found: 26
Mutation Rate: 0.09, Crossover Rate: 0.57, Generation Found: 26
Mutation Rate: 0.46, Crossover Rate: 0.61, Generation Found: 26
Mutation Rate: 0.03, Crossover Rate: 0.79, Generation Found: 26
Mutation Rate: 0.02, Crossover Rate: 0.05, Generation Found: 27
================================================================================
FULL FACTORIAL ANALYSIS - GENETIC ALGORITHM PARAMETER TESTING
================================================================================
Population Size: 100
Chromosome Size: 32
Max Generations: 50
================================================================================

Passed Test #Mutation    Crossover   Generation     
---------------------------------------------------------
1       0.03        0.00        44             
2       0.04        0.00        40             
3       0.06        0.00        48             
4       0.17        0.00        41             
5       0.05        0.01        48             
6       0.01        0.02        47             
7       0.03        0.03        43             
8       0.07        0.04        37             
9       0.02        0.05        27             
10      0.04        0.05        47             
11      0.10        0.08        47             
12      0.11        0.08        43             
13      0.03        0.09        35             
14      0.04        0.09        43             
15      0.05        0.09        47             
16      0.03        0.10        24             
17      0.04        0.10        42             
18      0.05        0.10        46             
19      0.10        0.10        33             
20      0.05        0.12        42             
21      0.06        0.12        43             
22      0.06        0.13        49             
23      0.07        0.13        47             
24      0.02        0.14        43             
25      0.04        0.14        47             
26      0.08        0.14        45             
27      0.01        0.15        36             
28      0.02        0.15        48             
29      0.03        0.15        38             
30      0.05        0.15        46             
31      0.14        0.15        46             
32      0.04        0.16        48             
33      0.06        0.16        44             
34      0.06        0.17        44             
35      0.04        0.18        48             
36      0.06        0.18        38             
37      0.07        0.18        48             
38      0.15        0.18        42             
39      0.02        0.19        37             
40      0.03        0.19        35             
41      0.06        0.19        44             
42      0.07        0.19        49             
43      0.01        0.20        33             
44      0.02        0.20        46             
45      0.03        0.20        49             
46      0.06        0.20        41             
47      0.11        0.20        42             
48      0.02        0.21        46             
49      0.10        0.21        49             
50      0.13        0.21        41             
51      0.02        0.22        38             
52      0.03        0.22        32             
53      0.06        0.22        40             
54      0.04        0.23        45             
55      0.06        0.23        44             
56      0.01        0.24        37             
57      0.03        0.24        48             
58      0.04        0.24        43             
59      0.08        0.24        46             
60      0.01        0.25        47             
61      0.05        0.25        48             
62      0.06        0.25        49             
63      0.07        0.25        43             
64      0.02        0.26        45             
65      0.06        0.26        44             
66      0.09        0.26        39             
67      0.04        0.27        42             
68      0.05        0.27        33             
69      0.03        0.28        28             
70      0.05        0.28        49             
71      0.07        0.28        46             
72      0.01        0.29        45             
73      0.02        0.29        39             
74      0.04        0.29        46             
75      0.05        0.29        45             
76      0.08        0.29        40             
77      0.09        0.29        47             
78      0.03        0.30        44             
79      0.04        0.30        47             
80      0.05        0.30        29             
81      0.07        0.30        46             
82      0.02        0.31        36             
83      0.03        0.31        43             
84      0.12        0.31        38             
85      0.02        0.32        42             
86      0.03        0.32        33             
87      0.04        0.32        48             
88      0.01        0.33        35             
89      0.02        0.33        47             
90      0.03        0.33        43             
91      0.04        0.33        36             
92      0.05        0.33        49             
93      0.06        0.33        33             
94      0.09        0.33        47             
95      0.11        0.33        47             
96      0.01        0.34        39             
97      0.02        0.34        43             
98      0.03        0.34        40             
99      0.07        0.34        48             
100     0.10        0.34        36             
101     0.02        0.35        45             
102     0.03        0.35        48             
103     0.04        0.35        46             
104     0.09        0.35        27             
105     0.11        0.35        39             
106     0.02        0.36        29             
107     0.03        0.36        34             
108     0.04        0.36        44             
109     0.07        0.36        37             
110     0.08        0.36        49             
111     0.27        0.36        44             
112     0.01        0.37        34             
113     0.03        0.37        44             
114     0.04        0.37        45             
115     0.05        0.37        47             
116     0.06        0.37        37             
117     0.02        0.38        45             
118     0.04        0.38        43             
119     0.05        0.38        49             
120     0.07        0.38        45             
121     0.08        0.38        49             
122     0.03        0.39        38             
123     0.04        0.39        39             
124     0.10        0.39        40             
125     0.05        0.40        31             
126     0.06        0.40        45             
127     0.10        0.40        49             
128     0.01        0.41        49             
129     0.02        0.41        49             
130     0.05        0.41        49             
131     0.08        0.41        42             
132     0.11        0.41        38             
133     0.02        0.42        39             
134     0.03        0.42        49             
135     0.04        0.42        46             
136     0.07        0.42        42             
137     0.08        0.42        48             
138     0.11        0.42        43             
139     0.02        0.43        45             
140     0.03        0.43        39             
141     0.06        0.43        31             
142     0.14        0.43        49             
143     0.02        0.44        30             
144     0.05        0.44        41             
145     0.08        0.44        34             
146     0.02        0.45        40             
147     0.03        0.45        26             
148     0.04        0.45        45             
149     0.05        0.45        43             
150     0.06        0.45        35             
151     0.11        0.45        48             
152     0.15        0.45        48             
153     0.01        0.46        33             
154     0.02        0.46        39             
155     0.03        0.46        39             
156     0.04        0.46        36             
157     0.05        0.46        43             
158     0.06        0.46        43             
159     0.08        0.46        49             
160     0.09        0.46        41             
161     0.01        0.47        44             
162     0.02        0.47        41             
163     0.03        0.47        31             
164     0.06        0.47        49             
165     0.10        0.47        28             
166     0.01        0.48        41             
167     0.02        0.48        38             
168     0.03        0.48        40             
169     0.04        0.48        34             
170     0.05        0.48        46             
171     0.06        0.48        38             
172     0.08        0.48        36             
173     0.09        0.48        48             
174     0.11        0.48        44             
175     0.01        0.49        45             
176     0.02        0.49        39             
177     0.03        0.49        31             
178     0.04        0.49        35             
179     0.07        0.49        43             
180     0.12        0.49        44             
181     0.02        0.50        46             
182     0.03        0.50        39             
183     0.04        0.50        43             
184     0.06        0.50        28             
185     0.09        0.50        48             
186     0.12        0.50        49             
187     0.61        0.50        41             
188     0.01        0.51        41             
189     0.02        0.51        45             
190     0.03        0.51        45             
191     0.13        0.51        42             
192     0.01        0.52        47             
193     0.03        0.52        42             
194     0.04        0.52        40             
195     0.06        0.52        41             
196     0.01        0.53        43             
197     0.02        0.53        45             
198     0.04        0.53        30             
199     0.06        0.53        42             
200     0.07        0.53        44             
201     0.12        0.53        36             
202     0.01        0.54        46             
203     0.02        0.54        48             
204     0.03        0.54        44             
205     0.04        0.54        43             
206     0.06        0.54        49             
207     0.07        0.54        46             
208     0.10        0.54        42             
209     0.01        0.55        49             
210     0.02        0.55        43             
211     0.11        0.55        46             
212     0.12        0.55        42             
213     0.01        0.56        32             
214     0.03        0.56        40             
215     0.04        0.56        48             
216     0.07        0.56        45             
217     0.08        0.56        48             
218     0.09        0.56        29             
219     0.18        0.56        48             
220     0.59        0.56        27             
221     0.01        0.57        33             
222     0.03        0.57        33             
223     0.04        0.57        47             
224     0.06        0.57        37             
225     0.09        0.57        26             
226     0.02        0.58        42             
227     0.04        0.58        39             
228     0.05        0.58        39             
229     0.09        0.58        42             
230     0.02        0.59        36             
231     0.03        0.59        35             
232     0.04        0.59        30             
233     0.05        0.59        44             
234     0.06        0.59        48             
235     0.07        0.59        46             
236     0.09        0.59        49             
237     0.10        0.59        34             
238     0.27        0.59        46             
239     0.02        0.60        31             
240     0.03        0.60        46             
241     0.04        0.60        39             
242     0.06        0.60        40             
243     0.09        0.60        45             
244     0.10        0.60        38             
245     0.24        0.60        45             
246     0.25        0.60        47             
247     0.01        0.61        32             
248     0.02        0.61        33             
249     0.03        0.61        38             
250     0.04        0.61        35             
251     0.05        0.61        47             
252     0.06        0.61        40             
253     0.08        0.61        33             
254     0.11        0.61        34             
255     0.14        0.61        49             
256     0.15        0.61        47             
257     0.46        0.61        26             
258     0.02        0.62        34             
259     0.03        0.62        37             
260     0.04        0.62        28             
261     0.05        0.62        45             
262     0.07        0.62        49             
263     0.08        0.62        48             
264     0.11        0.62        39             
265     0.01        0.63        43             
266     0.02        0.63        39             
267     0.03        0.63        46             
268     0.04        0.63        38             
269     0.07        0.63        47             
270     0.08        0.63        46             
271     0.09        0.63        49             
272     0.01        0.64        40             
273     0.02        0.64        35             
274     0.03        0.64        47             
275     0.05        0.64        40             
276     0.01        0.65        46             
277     0.02        0.65        36             
278     0.03        0.65        39             
279     0.04        0.65        30             
280     0.05        0.65        28             
281     0.06        0.65        34             
282     0.08        0.65        46             
283     0.32        0.65        31             
284     0.01        0.66        45             
285     0.02        0.66        40             
286     0.03        0.66        46             
287     0.06        0.66        44             
288     0.37        0.66        39             
289     0.01        0.67        48             
290     0.02        0.67        48             
291     0.03        0.67        41             
292     0.04        0.67        42             
293     0.05        0.67        33             
294     0.06        0.67        37             
295     0.07        0.67        47             
296     0.09        0.67        36             
297     0.10        0.67        44             
298     0.01        0.68        36             
299     0.02        0.68        41             
300     0.03        0.68        22             
301     0.04        0.68        39             
302     0.05        0.68        44             
303     0.06        0.68        31             
304     0.07        0.68        46             
305     0.12        0.68        39             
306     0.01        0.69        33             
307     0.02        0.69        44             
308     0.03        0.69        43             
309     0.04        0.69        48             
310     0.05        0.69        43             
311     0.06        0.69        36             
312     0.09        0.69        41             
313     0.12        0.69        45             
314     0.13        0.69        42             
315     0.01        0.70        36             
316     0.02        0.70        43             
317     0.03        0.70        35             
318     0.04        0.70        27             
319     0.06        0.70        41             
320     0.07        0.70        39             
321     0.12        0.70        48             
322     0.14        0.70        49             
323     0.02        0.71        30             
324     0.03        0.71        40             
325     0.05        0.71        27             
326     0.06        0.71        47             
327     0.08        0.71        40             
328     0.11        0.71        46             
329     0.21        0.71        45             
330     0.02        0.72        39             
331     0.04        0.72        44             
332     0.05        0.72        36             
333     0.06        0.72        46             
334     0.07        0.72        47             
335     0.10        0.72        44             
336     0.13        0.72        39             
337     0.01        0.73        49             
338     0.02        0.73        36             
339     0.03        0.73        43             
340     0.05        0.73        41             
341     0.06        0.73        41             
342     0.07        0.73        45             
343     0.01        0.74        31             
344     0.02        0.74        34             
345     0.03        0.74        37             
346     0.04        0.74        33             
347     0.05        0.74        35             
348     0.09        0.74        44             
349     0.16        0.74        40             
350     0.02        0.75        29             
351     0.04        0.75        33             
352     0.05        0.75        48             
353     0.09        0.75        46             
354     0.16        0.75        43             
355     0.20        0.75        36             
356     0.32        0.75        49             
357     0.01        0.76        42             
358     0.02        0.76        36             
359     0.03        0.76        40             
360     0.04        0.76        48             
361     0.06        0.76        44             
362     0.07        0.76        30             
363     0.01        0.77        39             
364     0.02        0.77        40             
365     0.03        0.77        37             
366     0.04        0.77        46             
367     0.05        0.77        34             
368     0.06        0.77        32             
369     0.07        0.77        47             
370     0.08        0.77        47             
371     0.09        0.77        48             
372     0.11        0.77        41             
373     0.23        0.77        47             
374     0.40        0.77        43             
375     0.78        0.77        49             
376     0.01        0.78        42             
377     0.02        0.78        34             
378     0.04        0.78        23             
379     0.05        0.78        43             
380     0.06        0.78        43             
381     0.07        0.78        48             
382     0.08        0.78        46             
383     0.09        0.78        49             
384     0.10        0.78        30             
385     0.12        0.78        38             
386     0.01        0.79        41             
387     0.02        0.79        38             
388     0.03        0.79        26             
389     0.04        0.79        46             
390     0.05        0.79        46             
391     0.06        0.79        36             
392     0.08        0.79        46             
393     0.10        0.79        45             
394     0.57        0.79        38             
395     0.01        0.80        30             
396     0.02        0.80        32             
397     0.03        0.80        29             
398     0.04        0.80        31             
399     0.05        0.80        41             
400     0.07        0.80        35             
401     0.09        0.80        43             
402     0.13        0.80        48             
403     0.15        0.80        40             
404     0.21        0.80        36             
405     0.01        0.81        46             
406     0.02        0.81        18             
407     0.03        0.81        47             
408     0.04        0.81        39             
409     0.07        0.81        49             
410     0.09        0.81        46             
411     0.02        0.82        34             
412     0.03        0.82        37             
413     0.04        0.82        36             
414     0.05        0.82        41             
415     0.07        0.82        35             
416     0.01        0.83        33             
417     0.02        0.83        39             
418     0.03        0.83        44             
419     0.04        0.83        34             
420     0.05        0.83        44             
421     0.06        0.83        33             
422     0.08        0.83        32             
423     0.01        0.84        47             
424     0.02        0.84        37             
425     0.05        0.84        44             
426     0.06        0.84        39             
427     0.36        0.84        47             
428     0.63        0.84        47             
429     0.01        0.85        36             
430     0.02        0.85        39             
431     0.04        0.85        42             
432     0.05        0.85        32             
433     0.06        0.85        45             
434     0.07        0.85        45             
435     0.09        0.85        36             
436     0.11        0.85        32             
437     0.01        0.86        33             
438     0.02        0.86        38             
439     0.03        0.86        40             
440     0.04        0.86        37             
441     0.05        0.86        45             
442     0.06        0.86        38             
443     0.10        0.86        40             
444     0.15        0.86        42             
445     0.01        0.87        37             
446     0.02        0.87        36             
447     0.03        0.87        42             
448     0.04        0.87        40             
449     0.05        0.87        43             
450     0.06        0.87        42             
451     0.07        0.87        30             
452     0.11        0.87        44             
453     0.01        0.88        36             
454     0.02        0.88        46             
455     0.03        0.88        34             
456     0.05        0.88        49             
457     0.06        0.88        33             
458     0.08        0.88        49             
459     0.10        0.88        42             
460     0.11        0.88        38             
461     0.15        0.88        45             
462     0.01        0.89        39             
463     0.02        0.89        39             
464     0.03        0.89        47             
465     0.04        0.89        44             
466     0.06        0.89        48             
467     0.07        0.89        44             
468     0.14        0.89        46             
469     0.25        0.89        27             
470     0.01        0.90        39             
471     0.02        0.90        44             
472     0.03        0.90        49             
473     0.04        0.90        43             
474     0.06        0.90        41             
475     0.07        0.90        35             
476     0.11        0.90        49             
477     0.15        0.90        42             
478     0.21        0.90        43             
479     0.01        0.91        46             
480     0.02        0.91        39             
481     0.03        0.91        29             
482     0.05        0.91        43             
483     0.07        0.91        35             
484     0.01        0.92        32             
485     0.02        0.92        40             
486     0.04        0.92        45             
487     0.05        0.92        32             
488     0.06        0.92        38             
489     0.07        0.92        45             
490     0.45        0.92        38             
491     0.01        0.93        46             
492     0.02        0.93        42             
493     0.04        0.93        41             
494     0.05        0.93        38             
495     0.06        0.93        39             
496     0.07        0.93        39             
497     0.08        0.93        46             
498     0.11        0.93        43             
499     0.12        0.93        48             
500     0.31        0.93        41             
501     0.01        0.94        38             
502     0.02        0.94        21             
503     0.03        0.94        45             
504     0.04        0.94        46             
505     0.05        0.94        37             
506     0.06        0.94        47             
507     0.07        0.94        43             
508     0.08        0.94        43             
509     0.10        0.94        46             
510     0.13        0.94        39             
511     0.20        0.94        44             
512     0.01        0.95        37             
513     0.02        0.95        45             
514     0.04        0.95        32             
515     0.05        0.95        48             
516     0.06        0.95        42             
517     0.07        0.95        43             
518     0.10        0.95        31             
519     0.13        0.95        39             
520     0.15        0.95        46             
521     0.37        0.95        42             
522     0.01        0.96        39             
523     0.02        0.96        28             
524     0.03        0.96        35             
525     0.04        0.96        42             
526     0.05        0.96        33             
527     0.06        0.96        43             
528     0.07        0.96        41             
529     0.08        0.96        40             
530     0.12        0.96        36             
531     0.01        0.97        31             
532     0.03        0.97        37             
533     0.04        0.97        45             
534     0.05        0.97        48             
535     0.06        0.97        38             
536     0.08        0.97        41             
537     0.12        0.97        42             
538     0.14        0.97        46             
539     0.16        0.97        38             
540     0.01        0.98        40             
541     0.02        0.98        40             
542     0.03        0.98        31             
543     0.05        0.98        46             
544     0.06        0.98        40             
545     0.07        0.98        36             
546     0.08        0.98        41             
547     0.09        0.98        44             
548     0.11        0.98        39             
549     0.16        0.98        47             
550     0.18        0.98        35             
551     0.20        0.98        37             
552     0.66        0.98        34             
553     0.01        0.99        37             
554     0.02        0.99        31             
555     0.03        0.99        39             
556     0.04        0.99        43             
557     0.05        0.99        32             
558     0.06        0.99        47             
559     0.11        0.99        42             
560     0.15        0.99        48             

================================================================================
